1.978413
-0.1625299
0.9902509
-2.272579
3.320674
-2.277279
-0.1816868
-1.791948
1.522371
-1.6473
-2.657891
1.629438
0.9987284
-0.6368021
1.681712
-2.16221
0.8912332
-1.511833
0.5929393
-0.2378052
-3.115782
2.222156
-0.3989509
-2.794448
-1.185601
-3.79726
1.221157
-0.7031546
-1.012031
-4.947683
1.69945
-0.2097084
2.617563
0.845822
0.1503472
-1.449796
-1.604252
-0.4825104
-0.3692551
-1.618846
1.097103
2.268183
1.735457
0.5386755
0.4995812
0.2186141
0.6756302
3.133386
-0.3961087
-2.098465
0.5996917
1.2419
-3.183972
-2.064021
-0.8481107
0.2027385
0.4381384
0.8501121
0.3082538
2.322801
0.5959681
0.6394213
2.073261
-2.608427
1.409866
-0.6406013
0.9590515
-1.41221
1.139739
-0.7121827
-1.840678
-1.960669
-1.801161
-0.6202214
1.822651
0.5052711
0.05864394
